10:16:05	0.030	0.039	-0.029	0.008	
10:16:05	0.036	0.028	0.032	-0.016	
10:16:05	0.009	0.012	0.006	0.007	
10:16:05	0.009	0.016	-0.003	-0.008	
10:16:05	0.020	0.013	-0.009	-0.018	
10:16:05	0.059	0.037	-0.054	-0.024	
10:16:06	0.010	0.038	0.008	0.005	
10:16:06	0.066	0.050	-0.011	-0.065	
10:16:06	0.035	0.029	-0.028	-0.020	
10:16:06	0.004	0.060	0.004	0.000	
10:16:06	0.004	0.041	0.004	0.002	
10:16:06	0.028	0.025	0.016	0.006	
10:16:06	0.023	0.035	0.010	0.021	
10:16:06	0.034	0.010	0.033	-0.003	
10:16:06	0.019	0.031	0.016	-0.011	
10:16:06	0.018	0.048	0.008	0.016	
10:16:06	0.018	0.036	0.015	0.010	
10:16:06	0.019	0.032	-0.010	-0.017	
10:16:06	0.036	0.011	-0.033	-0.012	
10:16:06	0.031	0.020	-0.030	0.007	
10:16:06	0.028	0.061	0.002	0.028	
10:16:06	0.043	0.015	0.027	0.034	
10:16:06	0.023	0.028	0.001	0.023	
10:16:06	0.026	0.031	-0.014	-0.021	
10:16:06	0.024	0.030	-0.015	-0.019	
10:16:06	0.014	0.001	-0.006	-0.012	
10:16:06	0.025	0.029	-0.015	0.020	
10:16:07	0.008	0.067	-0.003	0.007	
10:16:07	0.060	0.010	-0.021	-0.056	
