10:14:48	0.024	0.046	0.011	0.022	
10:14:48	0.012	0.031	-0.009	-0.008	
10:14:48	0.008	0.052	-0.002	0.008	
10:14:48	0.039	0.023	0.032	-0.021	
10:14:48	0.025	0.023	0.024	0.006	
10:14:48	0.019	0.033	-0.004	0.018	
10:14:48	0.026	0.029	0.019	0.017	
10:14:48	0.058	0.051	0.038	0.044	
10:14:48	0.004	0.041	0.002	-0.004	
10:14:48	0.008	0.038	0.007	-0.003	
10:14:48	0.031	0.002	-0.026	-0.016	
10:14:48	0.027	0.021	-0.022	0.016	
10:14:48	0.022	0.028	-0.015	0.016	
10:14:48	0.027	0.030	0.005	0.027	
10:14:49	0.010	0.027	-0.008	0.007	
10:14:49	0.041	0.019	-0.013	-0.039	
10:14:49	0.016	0.013	-0.003	-0.015	
10:14:49	0.064	0.013	-0.052	-0.037	
10:14:49	0.008	0.052	0.008	-0.001	
10:14:49	0.053	0.022	-0.021	-0.048	
10:14:49	0.015	0.021	-0.006	-0.013	
10:14:49	0.037	0.038	-0.036	0.008	
10:14:49	0.028	0.024	-0.027	-0.006	
10:14:49	0.026	0.039	-0.006	-0.025	
10:14:49	0.005	0.025	0.000	0.005	
10:14:49	0.017	0.021	0.009	0.014	
10:14:49	0.035	0.017	0.008	0.034	
10:14:49	0.009	0.045	0.006	-0.007	
10:14:49	0.009	0.025	-0.009	0.003	
10:14:49	0.019	0.018	-0.019	-0.001	
10:14:49	0.017	0.038	0.008	0.015	
