10:15:22	0.025	0.013	-0.020	0.016	
10:15:22	0.056	0.055	-0.049	0.027	
10:15:22	0.008	0.024	-0.003	-0.008	
10:15:23	0.021	0.039	-0.016	0.014	
10:15:23	0.048	0.025	-0.047	0.012	
10:15:23	0.039	0.010	-0.013	-0.037	
10:15:23	0.043	0.019	-0.009	-0.042	
10:15:23	0.036	0.063	-0.013	-0.034	
10:15:23	0.002	0.069	0.000	-0.002	
10:15:23	0.049	0.070	0.048	-0.011	
10:15:23	0.053	0.019	-0.021	-0.048	
10:15:23	0.016	0.053	0.011	0.012	
10:15:23	0.017	0.028	0.012	0.011	
10:15:23	0.038	0.027	0.031	-0.023	
10:15:23	0.037	0.050	0.037	0.003	
10:15:23	0.010	0.046	0.003	-0.010	
10:15:23	0.029	0.004	0.029	-0.001	
10:15:23	0.026	0.031	0.014	-0.022	
10:15:23	0.032	0.037	-0.031	0.003	
10:15:23	0.042	0.032	0.006	0.042	
10:15:23	0.048	0.019	-0.013	0.046	
10:15:23	0.034	0.017	-0.034	-0.002	
10:15:23	0.035	0.023	-0.030	-0.019	
10:15:24	0.034	0.016	-0.024	0.025	
10:15:24	0.045	0.025	0.006	-0.044	
10:15:24	0.037	0.023	-0.034	-0.015	
10:15:24	0.038	0.014	-0.019	-0.033	
10:15:24	0.039	0.030	0.007	-0.039	
10:15:24	0.029	0.054	0.018	-0.023	
10:15:24	0.018	0.045	-0.014	-0.010	
10:15:24	0.021	0.044	-0.012	-0.017	
