10:15:27	0.024	0.017	-0.024	0.001	
10:15:27	0.002	0.007	-0.001	-0.002	
10:15:27	0.033	0.022	0.010	-0.031	
10:15:27	0.012	0.022	0.011	0.002	
10:15:27	0.015	0.025	0.014	-0.006	
10:15:27	0.037	0.016	-0.029	-0.022	
10:15:27	0.040	0.005	0.000	0.040	
10:15:27	0.028	0.034	-0.019	-0.021	
10:15:27	0.021	0.031	-0.003	0.021	
10:15:27	0.044	0.020	-0.044	-0.008	
10:15:27	0.029	0.048	-0.025	0.013	
10:15:27	0.015	0.008	-0.014	0.004	
10:15:27	0.024	0.046	-0.023	0.007	
10:15:28	0.024	0.038	-0.024	-0.003	
10:15:28	0.017	0.030	0.013	-0.011	
10:15:28	0.038	0.041	-0.024	-0.030	
10:15:28	0.029	0.027	0.023	-0.017	
10:15:28	0.032	0.008	0.018	-0.026	
10:15:28	0.023	0.034	-0.023	0.005	
10:15:28	0.022	0.015	-0.008	-0.021	
10:15:28	0.018	0.057	0.017	-0.007	
10:15:28	0.042	0.015	0.031	-0.029	
10:15:28	0.029	0.004	0.021	0.020	
10:15:28	0.042	0.040	-0.012	0.041	
10:15:28	0.030	0.046	-0.021	0.021	
10:15:28	0.034	0.032	0.034	0.002	
10:15:28	0.027	0.022	0.024	-0.012	
10:15:28	0.017	0.021	-0.015	0.010	
10:15:28	0.016	0.051	0.013	-0.010	
10:15:28	0.041	0.021	-0.039	0.014	
