10:15:09	0.014	0.048	0.003	0.014	
10:15:09	0.025	0.049	-0.021	0.013	
10:15:09	0.011	0.061	0.009	-0.005	
10:15:09	0.019	0.011	0.018	0.007	
10:15:09	0.015	0.040	0.012	0.008	
10:15:09	0.034	0.037	-0.031	-0.013	
10:15:09	0.030	0.019	0.029	0.009	
10:15:09	0.013	0.032	-0.006	0.012	
10:15:09	0.035	0.006	0.014	0.032	
10:15:09	0.021	0.061	-0.009	0.019	
10:15:09	0.004	0.032	-0.004	-0.001	
10:15:09	0.014	0.032	-0.001	0.014	
10:15:09	0.027	0.037	-0.011	0.025	
10:15:09	0.006	0.014	-0.001	-0.006	
10:15:10	0.026	0.023	-0.021	0.016	
10:15:10	0.021	0.027	-0.020	-0.006	
