10:14:46	0.015	0.015	
10:14:46	0.008	0.026	
10:14:47	0.046	0.079	
10:14:47	0.021	0.056	
10:14:47	0.017	0.019	
10:14:47	0.025	0.027	
10:14:47	0.023	0.018	
10:14:47	0.008	0.039	0.008	
10:14:47	0.036	0.032	-0.035	
10:14:47	0.038	0.030	0.028	
10:14:47	0.024	0.034	0.022	
10:14:47	0.038	0.019	0.032	
10:14:47	0.012	0.048	-0.012	
10:14:47	0.017	0.017	-0.009	
10:14:47	0.046	0.007	0.016	
10:14:47	0.021	0.035	-0.015	
10:14:47	0.013	0.051	0.011	-0.007	
10:14:47	0.054	0.007	-0.054	0.003	
10:14:47	0.030	0.020	-0.019	0.023	
10:14:47	0.012	0.071	-0.004	0.011	
10:14:47	0.034	0.036	-0.032	0.010	
10:14:47	0.011	0.022	-0.009	-0.007	
10:14:47	0.057	0.030	-0.056	0.007	
10:14:48	0.057	0.046	-0.057	0.001	
10:14:48	0.006	0.016	-0.002	-0.005	
10:14:48	0.050	0.050	-0.002	-0.050	
10:14:48	0.026	0.030	0.003	-0.025	
10:14:48	0.041	0.020	-0.016	-0.038	
10:14:48	0.023	0.023	-0.014	-0.018	
10:14:48	0.012	0.013	0.011	-0.005	
10:14:48	0.028	0.027	0.028	0.002	
