10:15:25	0.026	0.008	0.022	-0.013	
10:15:25	0.025	0.030	0.018	-0.018	
10:15:26	0.015	0.027	-0.006	0.013	
10:15:26	0.039	0.008	-0.022	-0.032	
10:15:26	0.018	0.041	-0.001	-0.018	
10:15:26	0.053	0.046	-0.005	-0.052	
10:15:26	0.008	0.035	0.006	-0.006	
10:15:26	0.020	0.019	-0.015	-0.013	
10:15:26	0.013	0.045	0.005	-0.012	
10:15:26	0.017	0.016	0.003	-0.017	
10:15:26	0.010	0.041	0.008	0.007	
10:15:26	0.015	0.020	0.014	0.004	
10:15:26	0.032	0.031	0.009	-0.031	
10:15:26	0.011	0.035	0.011	-0.003	
10:15:26	0.025	0.044	-0.001	0.025	
10:15:26	0.020	0.043	-0.007	-0.019	
10:15:26	0.027	0.050	-0.010	0.025	
10:15:26	0.034	0.026	-0.017	0.029	
10:15:26	0.029	0.049	-0.029	-0.007	
10:15:26	0.036	0.020	0.015	-0.033	
10:15:26	0.023	0.056	0.018	0.015	
10:15:26	0.034	0.066	-0.019	-0.029	
10:15:26	0.042	0.032	0.030	-0.030	
10:15:27	0.031	0.034	-0.001	-0.031	
10:15:27	0.048	0.038	0.031	-0.037	
10:15:27	0.064	0.007	-0.041	-0.049	
10:15:27	0.027	0.017	-0.026	0.007	
10:15:27	0.051	0.063	-0.051	-0.006	
10:15:27	0.057	0.039	-0.057	0.004	
10:15:27	0.011	0.025	-0.008	-0.008	
