10:16:04	0.022	0.009	0.022	0.001	
10:16:04	0.013	0.029	0.009	0.009	
10:16:04	0.038	0.034	-0.015	0.035	
10:16:04	0.024	0.010	0.024	-0.004	
10:16:04	0.034	0.028	0.031	0.013	
10:16:04	0.015	0.021	0.013	-0.006	
10:16:04	0.041	0.015	0.013	-0.039	
10:16:04	0.036	0.024	0.030	0.020	
10:16:04	0.049	0.018	-0.049	-0.006	
10:16:04	0.021	0.038	-0.020	0.005	
10:16:04	0.012	0.016	-0.012	-0.004	
10:16:04	0.057	0.020	-0.047	-0.032	
10:16:04	0.008	0.042	-0.002	0.008	
10:16:04	0.016	0.034	0.002	-0.016	
10:16:04	0.024	0.025	0.017	-0.017	
10:16:04	0.005	0.008	0.003	0.003	
10:16:05	0.006	0.028	-0.004	-0.004	
10:16:05	0.021	0.018	0.014	-0.016	
10:16:05	0.002	0.020	0.000	0.002	
10:16:05	0.042	0.006	0.039	0.016	
10:16:05	0.030	0.031	0.029	0.007	
10:16:05	0.007	0.043	0.006	-0.004	
10:16:05	0.030	0.017	-0.021	0.022	
10:16:05	0.019	0.035	-0.008	0.018	
10:16:05	0.039	0.054	-0.025	-0.031	
10:16:05	0.010	0.050	0.000	0.010	
10:16:05	0.051	0.026	0.016	0.048	
10:16:05	0.025	0.050	-0.007	0.023	
10:16:05	0.041	0.008	-0.032	0.026	
10:16:05	0.015	0.020	-0.007	-0.013	
10:16:05	0.032	0.033	-0.023	0.021	
10:16:05	0.042	0.027	-0.005	0.042	
