10:15:24	0.015	0.005	0.011	-0.011	
10:15:24	0.019	0.065	0.013	0.013	
10:15:24	0.042	0.020	-0.039	-0.014	
10:15:24	0.021	0.014	0.019	-0.009	
10:15:24	0.016	0.038	0.008	0.013	
10:15:24	0.020	0.027	-0.001	0.020	
10:15:24	0.018	0.082	0.007	0.017	
10:15:24	0.038	0.051	-0.019	0.033	
10:15:24	0.034	0.020	-0.021	0.027	
10:15:24	0.065	0.005	-0.055	0.034	
10:15:24	0.030	0.036	-0.021	-0.022	
10:15:24	0.034	0.016	0.014	-0.031	
10:15:25	0.048	0.023	-0.035	-0.032	
10:15:25	0.018	0.036	-0.008	-0.017	
10:15:25	0.028	0.019	0.017	-0.022	
10:15:25	0.019	0.032	-0.002	-0.019	
10:15:25	0.010	0.030	0.009	0.005	
10:15:25	0.020	0.036	-0.019	0.006	
10:15:25	0.029	0.019	-0.015	-0.025	
10:15:25	0.004	0.060	-0.001	-0.004	
10:15:25	0.019	0.048	0.013	-0.014	
10:15:25	0.020	0.045	0.017	0.012	
10:15:25	0.027	0.022	0.018	-0.020	
10:15:25	0.007	0.062	-0.005	0.004	
10:15:25	0.012	0.051	0.007	-0.011	
10:15:25	0.048	0.005	-0.022	0.043	
10:15:25	0.039	0.030	-0.022	0.032	
10:15:25	0.024	0.030	0.013	-0.020	
10:15:25	0.033	0.002	-0.031	0.011	
10:15:25	0.046	0.014	0.015	0.044	
10:15:25	0.011	0.011	-0.011	0.003	
