10:15:21	0.025	0.050	-0.008	-0.023	
10:15:21	0.013	0.042	0.008	0.010	
10:15:21	0.032	0.079	-0.003	0.032	
10:15:21	0.009	0.024	0.004	0.008	
10:15:21	0.040	0.032	-0.034	0.022	
10:15:21	0.013	0.033	-0.006	0.012	
10:15:21	0.019	0.003	0.018	-0.004	
10:15:21	0.009	0.013	0.007	-0.006	
10:15:21	0.019	0.012	0.009	-0.017	
10:15:21	0.035	0.027	-0.007	0.034	
10:15:21	0.012	0.018	-0.009	0.008	
10:15:21	0.036	0.039	0.035	-0.009	
10:15:21	0.042	0.030	-0.040	-0.015	
10:15:22	0.030	0.031	-0.012	0.027	
10:15:22	0.016	0.042	-0.016	0.001	
10:15:22	0.036	0.019	-0.035	0.010	
10:15:22	0.006	0.055	0.004	-0.004	
10:15:22	0.017	0.025	0.012	-0.012	
10:15:22	0.046	0.016	0.011	-0.045	
10:15:22	0.018	0.037	-0.002	0.018	
10:15:22	0.039	0.004	0.021	-0.032	
10:15:22	0.034	0.023	0.034	0.005	
10:15:22	0.016	0.015	0.016	0.004	
10:15:22	0.024	0.028	-0.023	-0.007	
10:15:22	0.010	0.044	0.004	-0.009	
10:15:22	0.074	0.022	-0.001	0.074	
10:15:22	0.023	0.030	-0.017	0.016	
10:15:22	0.038	0.012	0.026	0.027	
10:15:22	0.027	0.034	0.027	0.005	
10:15:22	0.050	0.037	-0.034	-0.036	
