10:15:28	0.043	0.050	0.030	0.030	
10:15:28	0.047	0.045	-0.026	-0.039	
10:15:28	0.033	0.037	-0.029	0.016	
10:15:29	0.047	0.029	0.002	0.047	
10:15:29	0.022	0.022	-0.016	-0.015	
10:15:29	0.014	0.007	0.010	-0.009	
10:15:29	0.004	0.025	-0.004	0.001	
10:15:29	0.010	0.021	0.009	0.004	
10:15:29	0.010	0.020	0.004	-0.009	
10:15:29	0.010	0.056	0.007	-0.008	
10:15:29	0.021	0.057	0.020	-0.006	
10:15:29	0.037	0.022	0.037	0.003	
10:15:29	0.023	0.013	0.015	0.018	
10:15:29	0.021	0.057	0.021	-0.002	
10:15:29	0.049	0.017	0.044	0.022	
