10:15:07	0.006	0.049	-0.005	0.003	
10:15:07	0.055	0.023	0.013	0.054	
10:15:07	0.030	0.033	0.015	0.026	
10:15:07	0.023	0.037	-0.021	-0.009	
10:15:08	0.031	0.051	-0.020	0.025	
10:15:08	0.042	0.020	-0.019	-0.038	
10:15:08	0.034	0.018	-0.015	-0.030	
10:15:08	0.010	0.037	0.007	0.007	
10:15:08	0.033	0.027	0.032	0.007	
10:15:08	0.022	0.038	0.017	-0.015	
10:15:08	0.026	0.042	0.000	0.026	
10:15:08	0.052	0.030	0.042	-0.030	
10:15:08	0.038	0.056	0.004	-0.038	
10:15:08	0.049	0.002	0.037	0.033	
10:15:08	0.038	0.011	0.022	-0.031	
10:15:08	0.007	0.049	-0.002	0.007	
10:15:08	0.027	0.035	-0.008	-0.026	
10:15:08	0.026	0.046	-0.021	0.016	
10:15:08	0.052	0.018	-0.006	0.052	
10:15:08	0.025	0.029	-0.011	0.022	
10:15:08	0.022	0.018	-0.021	-0.003	
10:15:08	0.025	0.008	-0.023	-0.007	
10:15:08	0.034	0.022	-0.030	0.017	
10:15:08	0.025	0.043	-0.025	-0.004	
10:15:09	0.025	0.055	-0.020	0.013	
10:15:09	0.036	0.036	-0.021	0.030	
10:15:09	0.033	0.057	-0.011	-0.031	
10:15:09	0.012	0.034	-0.006	0.011	
10:15:09	0.048	0.043	0.002	-0.048	
10:15:09	0.038	0.042	-0.021	-0.032	
