10:16:01	0.054	0.017	0.017	-0.051	
10:16:01	0.016	0.019	0.016	0.003	
10:16:01	0.021	0.051	0.021	0.001	
10:16:01	0.042	0.054	0.038	0.018	
10:16:01	0.035	0.017	0.006	0.035	
10:16:01	0.053	0.028	0.002	0.053	
10:16:01	0.030	0.023	0.022	0.019	
10:16:01	0.013	0.054	-0.011	-0.007	
10:16:01	0.028	0.036	0.028	-0.003	
10:16:01	0.027	0.019	-0.027	-0.006	
10:16:01	0.028	0.028	-0.026	0.011	
10:16:01	0.040	0.031	-0.033	0.022	
10:16:01	0.010	0.012	0.001	-0.010	
10:16:01	0.020	0.027	-0.020	-0.004	
10:16:01	0.014	0.042	-0.010	-0.010	
10:16:01	0.038	0.044	-0.037	0.009	
10:16:02	0.030	0.030	-0.030	0.002	
10:16:02	0.033	0.031	0.001	-0.033	
10:16:02	0.020	0.011	-0.012	0.015	
10:16:02	0.025	0.007	-0.024	-0.004	
10:16:02	0.030	0.049	0.019	-0.023	
10:16:02	0.030	0.043	0.012	0.027	
10:16:02	0.039	0.022	0.039	-0.005	
10:16:02	0.039	0.048	0.029	-0.027	
10:16:02	0.010	0.011	0.005	-0.009	
10:16:02	0.030	0.021	0.003	0.029	
10:16:02	0.009	0.003	-0.008	-0.005	
10:16:02	0.027	0.011	-0.022	0.016	
10:16:02	0.015	0.068	0.013	-0.007	
10:16:02	0.012	0.018	-0.011	-0.004	
10:16:02	0.013	0.045	0.010	-0.008	
