10:16:02	0.043	0.041	-0.026	0.035	
10:16:02	0.051	0.010	-0.051	-0.002	
10:16:02	0.006	0.021	0.004	0.004	
10:16:02	0.012	0.029	-0.001	0.012	
10:16:02	0.028	0.035	-0.013	-0.024	
10:16:03	0.021	0.022	0.021	0.002	
10:16:03	0.043	0.027	-0.007	-0.042	
10:16:03	0.029	0.007	0.011	-0.027	
10:16:03	0.011	0.037	0.011	0.003	
10:16:03	0.028	0.014	0.024	0.015	
10:16:03	0.031	0.017	0.004	-0.030	
10:16:03	0.033	0.012	-0.032	0.007	
10:16:03	0.034	0.061	0.029	-0.016	
10:16:03	0.022	0.027	0.019	0.010	
10:16:03	0.018	0.020	0.006	0.017	
10:16:03	0.025	0.018	-0.018	0.018	
10:16:03	0.037	0.013	-0.037	0.006	
10:16:03	0.002	0.047	0.002	0.001	
10:16:03	0.034	0.020	-0.011	-0.032	
10:16:03	0.043	0.034	-0.042	0.008	
10:16:03	0.022	0.066	0.005	0.021	
10:16:03	0.062	0.018	-0.054	-0.030	
10:16:03	0.021	0.047	-0.009	0.019	
10:16:03	0.031	0.041	-0.028	0.014	
10:16:03	0.025	0.055	-0.012	-0.022	
10:16:03	0.030	0.043	-0.028	-0.010	
10:16:04	0.012	0.020	-0.009	-0.008	
10:16:04	0.025	0.040	0.012	0.021	
10:16:04	0.047	0.024	0.028	-0.038	
10:16:04	0.038	0.032	0.036	0.013	
10:16:04	0.052	0.025	-0.004	-0.052	
10:16:04	0.010	0.011	-0.002	-0.009	
